Shape: (1225, 6)
Time: 0.0633232593536377
Cnt: 44
Score: 0.37588314220665836
